31282
27425
47840
51834
13565
15860
5581
55253
43091
48953
37768
33513
58946
52211
36942
5572
55990
62363
20356
50322
24521
41948
14402
55191
48826
1467
58803
4910
4143
30326
31611
28133
4211
21257
12400
27722
16470
5368
17990
10641
7883
9478
6769
2559
2855
62921
50974
53966
59875
55451
356
53385
65121
820
53115
23438
61845
38969
5598
22632
40966
28849
18411
55611
53088
23645
10077
15650
11587
37779
2275
44012
9269
60033
39533
38611
59633
50205
27884
39769
14305
54938
15927
19233
14591
7272
7187
40022
58627
8094
22018
12357
41836
33432
58325
58261
4567
56260
29306
54071
29857
52289
59866
58597
843
36206
42426
4154
31305
61695
11074
57419
19726
9704
13415
37704
50942
12963
1371
43161
65190
28544
9585
50215
58473
55673
30703
24921
62130
38039
63789
38943
12979
41858
60573
3141
53987
48548
24560
16799
30030
19889
37340
57492
30814
19553
65368
48200
46733
44670
50066
37077
52607
3717
13533
49699
48263
45402
36467
54822
15168
57039
19318
52491
17209
8936
5767
53755
63925
36676
51536
25990
4331
42482
35983
6603
20568
41949
20972
9868
49991
22921
26903
35396
61478
22805
6183
35848
58537
45258
55178
20982
5824
44542
766
55310
29325
48426
38532
64901
5901
44518
30474
6409
32561
46164
5681
45525
14610
418
11792
41312
461
51943
18573
10941
40970
58631
42274
3936
14824
38322
27318
34623
2779
63804
28954
23136
17341
826
2489
26187
53381
4305
14472
14432
40118
42893
43146
22914
28455
65237
10569
38324
24670
34009
47113
15764
24995
42586
32609
50801
63337
45866
1339
39447
46365
1049
6620
36763
52132
19022
23858
50437
1223
45095
10681
9312
21737
47306
59703
10294
6067
25071
48694
47584
31862
17236
45368
45438
22964
21731
20739
25151
58685
49224
50572
10324
52593
2194
31770
30208
8451
49916
52363
56860
58171
47900
45659
61692
15215
21247
5016
61569
54605
10541
11044
52834
19812
64401
52877
8048
51071
37631
12407
40334
64566
30706
58287
2733
60825
49664
42614
16316
57756
33094
32151
34062
26828
53027
62021
64716
55933
19257
40886
36300
25090
46594
23953
58273
9188
3232
9576
27271
9219
21831
45899
47334
65216
35250
59054
20193
40361
22797
6507
36132
19534
62893
14606
63691
49563
45094
6830
29062
13875
43507
42548
43761
44620
39305
27317
43185
32443
8439
32066
63715
26163
2880
11765
8080
34499
23431
55036
60115
9601
12449
30294
61435
28714
22340
49205
6428
4028
434
13436
11658
1265
34149
33074
33253
1294
33271
5396
17173
13393
16651
25558
1420
60467
2317
41116
46496
2163
7351
60896
43183
41800
5083
31615
14258
61588
32449
16264
62723
5872
33070
54154
38492
7352
27864
10809
5206
46224
51470
57088
12158
29001
38618
40524
35671
35214
45603
53475
20208
18993
43425
16866
52236
59106
17661
52519
1707
56917
45714
24163
12829
19805
16650
14067
54318
38270
58613
54568
23884
48244
9102
10791
43921
3099
25217
30559
18626
14964
58618
4272
53027
53601
49296
61489
61454
37487
60769
2955
12413
9660
58345
27566
52484
53578
25840
22111
63063
8333
29979
18459
64463
180
61863
58394
10404
44465
40910
27279
23770
64497
10173
12796
29355
50247
1929
17168
40583
65474
28267
46579
24881
4532
56531
10119
45746
50137
57083
23624
32993
5338
50606
28755
54915
33181
45164
16347
18308
20222
56531
44099
64799
18731
5632
10134
49351
49375
25380
21820
8219
27356
4983
23230
36233
25566
57161
43500
45793
35006
44514
3399
58115
45149
20331
46119
14419
6338
3140
64614
56633
35739
49523
3830
50270
48534
36718
54004
42630
10423
7766
45660
1375
57703
42195
37989
44094
33199
13632
58976
19311
27390
7218
40029
22180
3697
7095
33256
58889
15103
5211
47158
32960
18779
51196
50531
6813
23604
10110
32503
15051
25034
25419
29799
59644
30509
23466
21387
14407
13957
12736
19614
52413
9894
32888
27711
43234
21289
5621
39882
44278
16237
3863
53719
8660
13550
42672
33197
13812
64458
22051
34744
43853
35930
34097
24076
60117
16276
46838
62981
64531
35522
8942
1596
22295
55171
65144
15774
27534
35755
28117
41174
60052
43871
28552
21865
10416
37746
59998
29063
13431
22558
59774
44882
53911
11722
39694
29218
25634
35865
45432
43746
42453
12265
46374
20822
12559
52448
51552
19057
4016
50059
35496
21194
36132
857
27609
30511
40651
59668
16883
38755
53010
18479
14483
40874
63247
20598
60306
34829
21656
61385
55461
41850
42174
439
18183
30781
63203
49728
26357
52798
26890
53031
4015
6409
3415
41229
46277
6934
57506
62628
64262
152
9580
39279
38646
6460
13045
39055
43494
23850
2183
34745
50329
37235
53058
7225
44681
58905
8926
64787
29639
31592
6811
19194
29042
16518
57574
3669
52742
59712
22641
32822
12147
22669
8910
4093
35204
20195
1381
52725
33665
41785
30719
2179
28936
61901
21083
1771
61198
55450
28347
53110
26728
23926
27676
20479
39949
30888
58942
25898
34760
28559
49662
34485
9191
22754
64508
3041
15371
61091
35928
23314
32507
35782
57071
4287
63283
42220
27081
29904
24690
11933
36358
65512
57238
43100
2185
23811
10883
3388
18716
13471
6428
53291
30550
11905
22385
38559
17953
21315
47110
22388
59307
16560
43993
20629
3660
16508
10457
21410
24917
6540
50975
54235
49533
38409
56689
62663
9629
62725
44820
23894
24624
27359
23402
32019
18063
6408
50203
11350
9897
33189
23626
31756
17690
65239
9062
14601
63019
38332
35878
8507
24339
4990
56607
18829
50035
35919
38831
26983
37975
29325
35978
3907
962
50209
42722
32927
20618
34657
53364
49491
7207
39969
5560
62119
5446
62117
55937
40082
59628
36333
14504
10882
30373
27353
52269
52253
36149
59075
16075
20793
14972
36869
57485
33134
56654
16038
53228
54034
28857
54243
29223
28102
57400
19103
55536
45523
59832
43305
50289
25106
5972
35936
5442
20942
34170
9666
6345
38344
30053
44731
18485
40654
29975
9496
65270
63566
12334
5042
50591
15644
44508
49348
396
64487
57951
13841
56579
64057
31712
42812
50869
31819
50613
1481
63257
55311
22547
29027
32326
48719
10084
21394
47499
56475
58366
39173
65055
2378
39732
46470
20782
18283
13251
7085
15927
1576
56303
2987
5925
60778
23833
9822
64982
58185
47629
61621
8589
17106
38980
24588
15327
14238
62382
